106361772 
106368296 
106368297 
106368301 
106377405 
106388350 
106396466 
106396467 
106413977 
106428251 
106429286 
106438218 
106447819 
106449102 
111202035 
111215193 
106362359 
106362424 
106365855 
106366575 
106403002 
106412078 
106452543 
106453154 
111197906 
106347211 
106349751 
106351933 
106361295 
106389431 
106402980 
106405661 
106414482 
106429506 
106442404 
125583762 
106353193 
106381331 
106402382 
106418263 
106423217 
106426273 
106431667 
106441215 
111199290 
106345587 
106359864 
106368877 
106372629 
106375262 
106403500 
106421820 
106424069 
106425323 
106428724 
106428755 
106434637 
106436612 
106453699 
111204201 
111206598 
125583761 
106348097 
106348184 
106352893 
106366683 
106425222 
125588881 
106348917 
106396827 
106406319 
106435192 
106440787 
106442156 
125578575 
106352408 
106352699 
106358081 
106360128 
106361746 
106362357 
106372323 
106372390 
106406398 
106412022 
106418922 
106425432 
106428804 
106431940 
106454375 
106454755 
111199708 
111207629 
106346554 
106348257 
106348258 
106351995 
106351996 
106351998 
106356629 
106366012 
106394445 
106412106 
106414342 
106414758 
106415823 
106424009 
106434771 
106349212 
106352176 
106382867 
106389066 
106389242 
106446309 
106452617 
125587578 
106419386 
106420253 
106428081 
106439925 
106446068 
106450945 
106396106 
106414826 
106414846 
106445048 
106450752 
111215158 
106345855 
106372299 
106376238 
106384143 
106401634 
106431950 
111201488 
111204272 
106349456 
106380459 
106381915 
106388717 
106427415 
106432962 
106433414 
106445265 
106453084 
125587003 
125609847 
125609868 
106346713 
106447229 
106398336 
106401373 
106415353 
106423685 
106440984 
125577143 
106367132 
106379176 
106429305 
106429574 
106437126 
106437498 
111205062 
125609311 
106365781 
106368617 
106446528 
106446634 
106351490 
106360744 
106349490 
106361479 
106367801 
106367922 
106370013 
106372647 
106381931 
106389141 
106391482 
106395718 
106410387 
106415318 
106420760 
106425542 
106428297 
106445170 
106446362 
106452433 
106454460 
111206734 
111207118 
111210709 
125594078 
106348054 
106382775 
106399660 
106401056 
106415159 
106421663 
106426647 
106437677 
106445523 
111211519 
111213425 
106359929 
106361379 
106365546 
106368673 
106371466 
106375323 
106381271 
106384186 
106386063 
106387449 
106397275 
106400744 
106401306 
106410347 
106415835 
106418226 
106429174 
106432840 
106436268 
106444275 
125607082 
106347295 
106366128 
106366908 
106373279 
106378798 
106416093 
106421674 
106445093 
106450749 
111207208 
111212453 
125606808 
106345285 
106345885 
106346101 
106348701 
106348747 
106348821 
106349135 
106351113 
106358853 
106358915 
106360224 
106361105 
106362474 
106362606 
106362665 
106363883 
106365116 
106365512 
106367762 
106368749 
106370280 
106371112 
106371403 
106371792 
106372793 
106378037 
106379255 
106379267 
106379851 
106379874 
106380122 
106380275 
106380743 
106381178 
106385287 
106385703 
106386878 
106389028 
106390904 
106391093 
106392357 
106394341 
106394875 
106395093 
106395471 
106397148 
106397626 
106399103 
106399104 
106399823 
106400038 
106400397 
106400500 
106400550 
106401621 
106403097 
106405056 
106405345 
106405904 
106410029 
106410819 
106412069 
106413139 
106413496 
106414132 
106414847 
106414961 
106416267 
106416420 
106418408 
106419383 
106422719 
106423066 
106423546 
106424971 
106425693 
106425795 
106427577 
106428156 
106428953 
106429649 
106432649 
106432650 
106434564 
106434586 
106435283 
106435688 
106438246 
106438516 
106439361 
106439508 
106440649 
106441917 
106442693 
106446373 
106449588 
106450439 
106450453 
106450918 
111198784 
111200838 
111213930 
111214159 
111214677 
125577627 
125577658 
125577709 
125581528 
125587965 
125597397 
125601683 
125606369 
125606977 
125608401 
125609125 
125609126 
106347875 
106351296 
106352403 
106352880 
106353973 
106356689 
106359728 
106360208 
106361318 
106363861 
106364615 
106365441 
106365801 
106366185 
106367682 
106367786 
106368660 
106370559 
106370994 
106372536 
106373282 
106374537 
106375788 
106375976 
106379411 
106379864 
106379906 
106380924 
106381139 
106382022 
106382476 
106382584 
106386806 
106388660 
106391282 
106394864 
106399968 
106402512 
106403184 
106409219 
106409464 
106409544 
106410328 
106410439 
106415745 
106416640 
106417790 
106418398 
106419261 
106419263 
106421771 
106424219 
106426949 
106427406 
106428402 
106428627 
106428855 
106430295 
106433413 
106436935 
106438903 
106439158 
106439876 
106440777 
106442321 
106443426 
106443623 
106445342 
106445845 
106449446 
106450598 
106450745 
106452444 
106452749 
106452978 
106454552 
111197831 
111200419 
111204226 
111204301 
111204757 
111207429 
111211070 
111211421 
111212602 
111212758 
125579365 
125580115 
125580436 
125580832 
125584086 
125585505 
125589013 
125592305 
125593272 
125594097 
106351839 
106356845 
106357287 
106358985 
106359659 
106365080 
106369836 
106371168 
106371307 
106372107 
106386595 
106386864 
106387140 
106390208 
106390209 
106391816 
106392497 
106394184 
106395558 
106395608 
106395668 
106395774 
106395894 
106397789 
106398343 
106399397 
106399708 
106400152 
106400232 
106400268 
106403999 
106405346 
106405745 
106409963 
106414348 
106414586 
106418617 
106419118 
106426256 
106429251 
106429268 
106429282 
106429313 
106438200 
106443631 
106444037 
106449073 
106449558 
106450305 
106452859 
106454506 
106454961 
111200609 
111204514 
111205227 
111207088 
111207488 
111208310 
125577203 
125582337 
125584330 
125585040 
125585121 
125597256 
125606868 
106346714 
106348877 
106350894 
106352276 
106359168 
106365425 
106374944 
106378346 
106384230 
106384231 
106385399 
106385911 
106386695 
106394103 
106395150 
106399070 
106399073 
106399659 
106399796 
106401622 
106408360 
106409949 
106414786 
106423001 
106427894 
106427912 
106427919 
106427947 
106429005 
106429009 
106435698 
106436568 
106436569 
106443469 
106443576 
106444385 
106448958 
106450140 
106452868 
106454301 
111198712 
111203984 
111214125 
111214126 
106372099 
106388677 
106442073 
106368564 
106415929 
106347124 
106352667 
106367179 
106368218 
106372159 
106402081 
106406052 
106424732 
106426559 
106431952 
106432623 
106445950 
106386306 
106386311 
106387293 
106450527 
111207933 
106427166 
106427725 
106433282 
106433804 
106451053 
106451054 
106419386 
106420253 
106428081 
106439925 
106446068 
106450945 
106350192 
106352734 
106361633 
106401314 
106347637 
106436842 
111212077 
106411010 
106441044 
106365988 
106415809 